1
104
107
111
115
119
122
123
128
135
136
144
145
153
154
155
156
157
16
160
161
164
165
167
168
17
170
177
181
182
185
186
189
192
193
196
197
202
209
210
211
212
213
214
215
219
222
227
231
232
233
237
238
243
245
246
248
249
251
253
255
256
257
258
260
262
263
267
27
270
272
273
276
279
280
281
283
284
291
294
30
302
306
307
308
309
31
311
314
316
318
326
327
331
332
336
337
338
34
345
350
352
354
356
363
369
373
374
38
384
387
391
4
405
406
411
42
427
44
449
45
454
457
458
46
47
470
474
486
5
504
511
539
57
578
59
66
77
84
89
9
93